42561463
30992
14082
2643893
353539995
1885078
19071708
14583962
437316738
27580511
344849038
1643718
34557341
64925986
414641554
233108841
1754707
387181687
2206456
14781644
28259096
338927049
34804756
2743119
234820819
44524
4898221
344447169
11229785
1420982
654006
1577804
3078984
234537
51606885
32050054
1893045
34646754
1575476
2966000
97177641
221698349
151066
463999
2301165
178305790
7552204
316381099
8047632
29279936
474390659
287459229
232236
20827413
85318798
37090048
128907055
256763
12820125
3098214
35789774
7547479
28438960
295711424
234441166
3489535
297182872
1858682
138744609
316577033
2853209
407045223
145716
67907025
2192108
1852181
4093899
431886272
15080107
14753304
486183
15385187
11485536
7788379
52806762
7450650
515993
604003146
37128669
1718674
7082692
60614881
19738891
1654470
620666
30222764
262453663
23797294
241832237
32899075
9824766
9617619
13007433
387994725
13118294
7610610
326081112
439060660
29338618
837470
16853896
515015078
6383474
388699948
2451764
10558098
32708543
1949755
151365295
7019628
96094291
6534506
2621902
8775742
129240403
267685040
52250
26139491
12506114
32988547
1398957
208259
4578433
32820037
11278782
3797626
113362335
216156027
68565179
3923048
14254182
596324576
235630215
168598
456404164
30954515
66391032
9170987
466272
510856133
9068441
250858633
37961599
53614060
275153040
233114659
391679
21876627
8366990
1605721
122886
99406611
1467772
203230674
8580108
5089070
6171645
234782
92973341
20503549
99336697
97395295
6881178
57863910
762048
30973654
554122
9550310
258150656
6926237
5581898
16772963
4282930
16661793
802735
5028996
21453565
10949920
1324413
27534330
1785155
75547577
7792521
10155853
47699114
22257030
26798384
196356191
18094086
632887
398510
1447574
140458333
386608226
8853065
608
11758387
221648
120586
1706344
2084361
8188433
3331521
164139557
326246517
403943112
324879
14608463
7389578
96070394
881546
8770537
5970160
489412051
401544129
22770727
1770706
14043628
5646546
4683149
2
521444
15242988
303864990
18199039
94336414
99902757
89305083
12744798
6302909
12608571
172392717
210072847
35836017
249608727
322892
11684621
290515513
12333557
51705359
15960317
48928
21031789
13177698
337521240
369750017
357665034
392035586
4424692
72528
11275028
642922
80900494
6799052
265578856
419220
401742377
1375608
19653
1599822
20646254
62540916
1935882
25807917
1755576
763712
53456
314690088
2920960
7665873
22141287
926677
1951038
68023909
6927351
399918500
429132321
5985131
724686
129259501
20798963
43536
152015773
2722268
382651856
2467568
8034163
13336014
19177
475250
280793434
279583114
10947209
2223018
486287787
35304890
390461123
434378423
384424383
9008159
95494347
2629954
473519710
110974
25911961
15840422
893053
256283682
2897191
22344481
279991456
430926487
7676999
7906959
391774002
44473221
28220117
7714
397289
5374954
34579852
16206007
826393
2435227
3517981
14705933
10462362
4156185
314466447
36081646
4501038
383444910
930099
193004
367474
101376123
18202105
25870294
3046429
410964
21471064
161158015
16419172
172683
1950209
19696996
175861153
477009
13826185
7815300
9175105
284120
413594712
15269822
481393564
96852523
336666099
110352985
38002736
374377
3682229
16649057
2027557
7980111
161419374
416128940
108528523
18706318
4838429
95083523
8794106
353230307
320195588
291547447
21792949
116683
883968
7441279
12633655
7679753
161250040
1918296
392836434
31814567
5273634
321173469
384212323
1526101
10128411
1678535
454755309
561332
12119403
2337891
37863315
24911972
634131
517327498
1318997
900171
36882906
2884277
4162287
3670216
483203976
4698952
419501714
2735222
399270575
30405510
2821930
32365949
7151101
290548469
70903428
12981716
341368
93565907
67618650
51766
142371069
4983217
175396880
4469745
35024126
108569350
10823717
2374194
833133
194128
283538
3792124
297242063
562197
38740321
207411
520116
10901130
397076400
49676
2403047
349721082
26424461
394067394
4111791
33683045
359516438
1834331
143328
12404946
2691287
3032988
127623
43222001
10139490
433351
2884629
16973851
22245135
8901316
2577612
1381545
12860646
462686
15262818
14804670
40923334
374692347
339233162
68125029
14016058
185546
546195
119418
6635814
3951826
43645887
6249909
23693515
2728123
1650175
178778949
6022710
19642758
3379951
474521380
6591412
14025362
22121599
201434
61527399
32708587
871866
41683
59905809
122879
20990353
66606350
481470422
7880542
748709
808171
213216169
13357338
165918
17929569
60958832
32786875
346116489
38640369
13934589
454719565
250111460
175955136
10043388
390079112
51896064
4429452
176037767
320491072
548824
26311441
99673
4753512
344194038
10957838
23365215
11025317
2689967
32708657
11252239
472747194
143843
6574487
1532165
270317383
36825256
67090174
10345615
357229416
35643203
40966108
93890857
21677020
10702972
470156882
37291782
3743849
20462446
393166851
2026487
2832224
223902
67141499
99157282
11264229
492628109
585267
211005705
20615621
86437952
18690024
6272357
3345720
5055
5294454
394606820
37974444
1647522
2629890
5957440
1740850
34149649
11605312
98960802
291780438
617285
26023642
16539048
289887832
7937899
37946996
8679425
493570956
848008
7875104
39847479
26366366
24044695
1958342
2735036
16505725
389295398
7349
43389575
9458053
2378908
89338806
609687
1999455
40489639
92916
4474705
3404595
5020289
8596630
526559715
33523307
10009492
550710
10893225
10494755
719238
109615570
50329118
6229277
23400436
12077992
6087498
37016811
486633990
38919718
378034
11938498
156160
381335
37663924
249491937
11173348
9153331
26291614
49494871
123484
25422790
8960728
290526283
7753700
14946689
3040178
17409016
2554791
84132098
3066511
2884981
139905
14429811
11997177
429618480
32505292
213845897
27937261
19193
50621949
4888022
15404697
19942518
4427860
450595813
483879799
351583506
436473455
23085689
51930062
7375428
14498772
161775300
29329085
11164789
11082854
1565155
813355
4477319
42619059
16794231
285499073
18020792
213725662
1438811
81588279
18039550
427494870
32507603
89847338
1600113
18075990
9117212
353840826
327750329
396848107
2225805
2949989
688969
217809
99232216
30643878
76512988
21125141
6813499
28642491
11292325
26240675
6289720
254463269
2200736
1328260
16307541
512480
2542366
298213453
25782796
250648682
69205685
321056219
5260378
409996897
88614
6997378
26633150
72956117
30513318
2306780
104207471
216623621
26136068
101151015
138645
3380239
19919
28152637
1561008
16070838
8011552
4059920
450084
223146252
13354765
33146722
50402764
5276
378885845
12177425
88461692
43634508
283732813
3957971
35581334
11870568
147166910
735947
485092296
17901717
31939781
20303408
94194549
3974880
209708163
2163754
486443212
2460656
2142762
4448800
23604445
268104
94281836
125526
222712093
8784855
168064909
405054588
124506289
291945385
282994
402574397
10278125
622863
7068725
60484
1531707
752202
11073
71302461
6292059
27791105
39922227
52465
9912681
1424972
287003199
71203142
19577966
94114029
26468955
389088
284424
375375
159122
11684516
16720403
8573306
1691347
1837617
6075139
39627524
4648331
434346657
1600142
686127
411462
20166755
7508296
234256
2948981
16968953
112244787
35579222
328303954
119801456
216455
8343391
15989779
17416517
423895
169556189
347667464
55775966
27501480
434705993
94613244
381435385
4537274
305214791
67168501
2303935
257975429
8981370
270926
5261198
3173802
273881817
24314825
479893558
403748305
2103351
11221282
21562856
15967711
520155988
58238
17075276
1590370
7377735
556345
34977510
3590414
928123
293995
1275277
2019740
79577853
19750237
1388774
26253404
25954179
3353026
430969192
532741557
345630501
690883
423442
2827946
522383007
6870383
152389373
24801003
17546432
20975663
21330948
72270557
16777299
519872016
455876411
2798625
216970
26321887
11783021
2851020
265059948
314791153
684169
269558