2026561407
2014688638
1956918009
1348996867
1309961152
1763562610
696648800
1202762767
1951371956
1317550552
517774144
1686448668
41225922
1045529824
1716892617
1231026434
702509336
1037197119
1739577202
472521749
1685024055
668924912
524240296
1241396448
702509335
2079933284
689643317
1373230511
2012509747
9512868
1903355228
291042076
1152377948
1178074598
472761116
10030111
699493887
394034922
1608941798
669860644
1029581175
1798707204
1876661489
1411795516
260155007
325384855
700648456
1883330511
1733226968
2078502126
667360359
600273877
428259819
32384384
1588378759
1478822503
1963935874
17977252
1640640665
416456245
701991586
1503204882
609115181
433336960
1124279941
25821694
390921898
352643896
701306950
1989315538
590237906
313536824
2114287232
1103647378
623512391
1195992928
1727521
1222214921
696304250
489317671
703168469
1674866915
1429162404
402089205
1558280953
702167322
353019540
2064594297
1999942692
25140255
493656793
194662193
1175160125
208884372
2141557662
386509707
4981619
701930758
1984990457
526104653