280793434
279583114
10947209
2223018
486287787
35304890
390461123
434378423
384424383
9008159
95494347
2629954
473519710
110974
25911961
15840422
893053
256283682
2897191
22344481
279991456
430926487
7676999
7906959
391774002
44473221
28220117
7714
397289
5374954
34579852
16206007
826393
2435227
3517981
14705933
10462362
4156185
314466447
36081646
4501038
383444910
930099
193004
367474
101376123
18202105
25870294
3046429
410964
21471064
161158015
16419172
172683
1950209
19696996
175861153
477009
13826185
7815300
9175105
284120
413594712
15269822
481393564
96852523
336666099
110352985
38002736
374377
3682229
16649057
2027557
7980111
161419374
416128940
108528523
18706318
4838429
95083523
8794106
353230307
320195588
291547447
21792949
116683
883968
7441279
12633655
7679753
161250040
1918296
392836434
31814567
5273634
321173469
384212323
1526101
10128411
1678535
454755309
561332
12119403
2337891
37863315
24911972
634131
517327498
1318997
900171
36882906
2884277
4162287
3670216
483203976
4698952
419501714
2735222
399270575
30405510
2821930
32365949
7151101
290548469
70903428
12981716
341368
93565907
67618650
51766
142371069
4983217
175396880
4469745
35024126
108569350
10823717
2374194
833133
194128
283538
3792124
297242063
562197
38740321
207411
520116
10901130
397076400
49676
