9068441
250858633
37961599
53614060
275153040
233114659
391679
21876627
8366990
1605721
122886
99406611
1467772
203230674
8580108
5089070
6171645
234782
92973341
20503549
99336697
97395295
6881178
57863910
762048
30973654
554122
9550310
258150656
6926237
5581898
16772963
4282930
16661793
802735
5028996
21453565
10949920
1324413
27534330
1785155
75547577
7792521
10155853
47699114
22257030
26798384
196356191
18094086
632887
398510
1447574
140458333
386608226
8853065
608
11758387
221648
120586
1706344
2084361
8188433
3331521
164139557
326246517
403943112
324879
14608463
7389578
96070394
881546
8770537
5970160
489412051
401544129
22770727
1770706
14043628
5646546
4683149
2
521444
15242988
303864990
18199039
94336414
99902757
89305083
12744798
6302909
12608571
172392717
210072847
35836017
249608727
322892
11684621
290515513
12333557
51705359
15960317
48928
21031789
13177698
337521240
369750017
357665034
392035586
4424692
72528
11275028
642922
80900494
6799052
265578856
419220
401742377
1375608
19653
1599822
20646254
62540916
1935882
25807917
1755576
763712
53456
314690088
2920960
7665873
22141287
926677
1951038
68023909
6927351
399918500
429132321
5985131
724686
129259501
20798963
43536
152015773
2722268
382651856
2467568
8034163
13336014
19177
475250
