12177425
88461692
43634508
283732813
3957971
35581334
11870568
147166910
735947
485092296
17901717
31939781
20303408
94194549
3974880
209708163
2163754
486443212
2460656
2142762
4448800
23604445
268104
94281836
125526
222712093
8784855
168064909
405054588
124506289
291945385
282994
402574397
10278125
622863
7068725
60484
1531707
752202
11073
71302461
6292059
27791105
39922227
52465
9912681
1424972
287003199
71203142
19577966
94114029
26468955
389088
284424
375375
159122
11684516
16720403
8573306
1691347
1837617
6075139
39627524
4648331
434346657
1600142
686127
411462
20166755
7508296
234256
2948981
16968953
112244787
35579222
328303954
119801456
216455
8343391
15989779
17416517
423895
169556189
347667464
55775966
27501480
434705993
94613244
381435385
4537274
305214791
67168501
2303935
257975429
8981370
270926
5261198
3173802
273881817
24314825
479893558
403748305
2103351
11221282
21562856
15967711
520155988
58238
17075276
1590370
7377735
556345
34977510
3590414
928123
293995
1275277
2019740
79577853
19750237
1388774
26253404
25954179
3353026
430969192
532741557
345630501
690883
423442
2827946
522383007
6870383
152389373
24801003
17546432
20975663
21330948
72270557
16777299
519872016
455876411
2798625
216970
26321887
11783021
2851020
265059948
314791153
684169
269558
