2403047
349721082
26424461
394067394
4111791
33683045
359516438
1834331
143328
12404946
2691287
3032988
127623
43222001
10139490
433351
2884629
16973851
22245135
8901316
2577612
1381545
12860646
462686
15262818
14804670
40923334
374692347
339233162
68125029
14016058
185546
546195
119418
6635814
3951826
43645887
6249909
23693515
2728123
1650175
178778949
6022710
19642758
3379951
474521380
6591412
14025362
22121599
201434
61527399
32708587
871866
41683
59905809
122879
20990353
66606350
481470422
7880542
748709
808171
213216169
13357338
165918
17929569
60958832
32786875
346116489
38640369
13934589
454719565
250111460
175955136
10043388
390079112
51896064
4429452
176037767
320491072
548824
26311441
99673
4753512
344194038
10957838
23365215
11025317
2689967
32708657
11252239
472747194
143843
6574487
1532165
270317383
36825256
67090174
10345615
357229416
35643203
40966108
93890857
21677020
10702972
470156882
37291782
3743849
20462446
393166851
2026487
2832224
223902
67141499
99157282
11264229
492628109
585267
211005705
20615621
86437952
18690024
6272357
3345720
5055
5294454
394606820
37974444
1647522
2629890
5957440
1740850
34149649
11605312
98960802
291780438
617285
26023642
16539048
289887832
7937899
37946996
8679425
493570956
848008
7875104
39847479
26366366
24044695
1958342
