2735036
16505725
389295398
7349
43389575
9458053
2378908
89338806
609687
1999455
40489639
92916
4474705
3404595
5020289
8596630
526559715
33523307
10009492
550710
10893225
10494755
719238
109615570
50329118
6229277
23400436
12077992
6087498
37016811
486633990
38919718
378034
11938498
156160
381335
37663924
249491937
11173348
9153331
26291614
49494871
123484
25422790
8960728
290526283
7753700
14946689
3040178
17409016
2554791
84132098
3066511
2884981
139905
14429811
11997177
429618480
32505292
213845897
27937261
19193
50621949
4888022
15404697
19942518
4427860
450595813
483879799
351583506
436473455
23085689
51930062
7375428
14498772
161775300
29329085
11164789
11082854
1565155
813355
4477319
42619059
16794231
285499073
18020792
213725662
1438811
81588279
18039550
427494870
32507603
89847338
1600113
18075990
9117212
353840826
327750329
396848107
2225805
2949989
688969
217809
99232216
30643878
76512988
21125141
6813499
28642491
11292325
26240675
6289720
254463269
2200736
1328260
16307541
512480
2542366
298213453
25782796
250648682
69205685
321056219
5260378
409996897
88614
6997378
26633150
72956117
30513318
2306780
104207471
216623621
26136068
101151015
138645
3380239
19919
28152637
1561008
16070838
8011552
4059920
450084
223146252
13354765
33146722
50402764
5276
378885845
