42561463
30992
14082
2643893
353539995
1885078
19071708
14583962
437316738
27580511
344849038
1643718
34557341
64925986
414641554
233108841
1754707
387181687
2206456
14781644
28259096
338927049
34804756
2743119
234820819
44524
4898221
344447169
11229785
1420982
654006
1577804
3078984
234537
51606885
32050054
1893045
34646754
1575476
2966000
97177641
221698349
151066
463999
2301165
178305790
7552204
316381099
8047632
29279936
474390659
287459229
232236
20827413
85318798
37090048
128907055
256763
12820125
3098214
35789774
7547479
28438960
295711424
234441166
3489535
297182872
1858682
138744609
316577033
2853209
407045223
145716
67907025
2192108
1852181
4093899
431886272
15080107
14753304
486183
15385187
11485536
7788379
52806762
7450650
515993
604003146
37128669
1718674
7082692
60614881
19738891
1654470
620666
30222764
262453663
23797294
241832237
32899075
9824766
9617619
13007433
387994725
13118294
7610610
326081112
439060660
29338618
837470
16853896
515015078
6383474
388699948
2451764
10558098
32708543
1949755
151365295
7019628
96094291
6534506
2621902
8775742
129240403
267685040
52250
26139491
12506114
32988547
1398957
208259
4578433
32820037
11278782
3797626
113362335
216156027
68565179
3923048
14254182
596324576
235630215
168598
456404164
30954515
66391032
9170987
466272
510856133